# Wed Mar 14 17:05:55 2012
#  1: Update
#  2: Unique Phenotypes (by task done)
#  3: Shannon Diversity of Phenotypes (by task done)
#  4: Unique Phenotypes (by task count)
#  5: Average Phenotype Shannon Diversity (by task count)
#  6: Average Task Diversity (number of different tasks)

0 1 0 1 0 0 
100 1 0 1 0 0 
200 1 0 1 0 0 
300 1 0 1 0 0 
400 1 0 1 0 0 
500 1 0 1 0 0 
600 1 0 1 0 0 
700 1 0 1 0 0 
800 1 0 1 0 0 
900 1 0 1 0 0 
1000 1 0 1 0 0 
1100 1 0 1 0 0 
1200 1 0 1 0 0 
1300 1 0 1 0 0 
1400 1 0 1 0 0 
1500 1 0 1 0 0 
1600 1 0 1 0 0 
1700 1 0 1 0 0 
1800 1 0 1 0 0 
1900 1 0 1 0 0 
2000 1 0 1 0 0 
2100 3 0.0685127 3 0 0.992335 
2200 3 0.175078 3 0 0.975313 
2300 4 0.481964 5 0 0.90443 
2400 4 0.915685 8 0 0.693412 
2500 4 1.02737 11 0 0.519795 
2600 3 0.979076 13 0 0.387824 
2700 3 0.937317 12 0 0.340325 
2800 4 0.985989 11 0 0.405698 
2900 4 1.01267 10 0 0.462975 
3000 4 1.01768 12 0 0.520283 
3100 4 1.0165 13 0 0.551152 
3200 4 1.01811 9 0 0.558442 
3300 4 1.01786 10 0 0.524543 
3400 3 1.01712 6 0 0.467484 
3500 3 0.993351 7 0 0.405087 
3600 3 0.908911 6 0 0.309494 
3700 3 0.804597 7 0 0.234277 
3800 4 0.722061 9 0 0.182238 
3900 5 0.61212 8 0 0.133016 
4000 5 0.521177 9 0 0.0991555 
4100 4 0.536953 6 0 0.0938081 
4200 4 0.560382 4 0.000260349 0.0984119 
4300 4 0.678427 7 0.00103546 0.138235 
4400 4 0.864866 7 0.00103788 0.224961 
4500 6 1.0023 8 0.00344462 0.316905 
4600 6 1.08164 6 0.00492072 0.408693 
4700 6 1.13235 8 0.00543012 0.449843 
4800 6 1.13598 10 0.00502959 0.422485 
4900 5 1.08453 9 0.0060006 0.339634 
5000 6 0.996393 11 0.0104478 0.249552 
5100 5 0.996143 9 0.0211963 0.227642 
5200 5 1.09798 10 0.0451171 0.262421 
5300 5 1.22672 9 0.0782389 0.334268 
5400 6 1.47601 8 0.134854 0.509009 
5500 7 1.67959 10 0.202134 0.713668 
5600 7 1.74338 12 0.251218 0.843484 
5700 8 1.77659 16 0.269068 0.891918 
5800 8 1.78735 14 0.285663 0.885246 
5900 7 1.77148 16 0.270928 0.805094 
6000 7 1.66126 15 0.24971 0.707011 
6100 7 1.53379 14 0.213042 0.604643 
6200 7 1.38501 13 0.179402 0.50098 
6300 7 1.24552 12 0.155937 0.425165 
6400 8 1.1499 12 0.13893 0.365534 
6500 7 1.03418 12 0.119802 0.311085 
6600 8 0.94731 14 0.10262 0.263498 
6700 8 0.944086 13 0.0996471 0.252203 
6800 8 0.923366 11 0.0922237 0.234925 
6900 8 0.947601 13 0.0989937 0.243677 
7000 10 1.01983 14 0.106337 0.264346 
7100 10 1.05788 15 0.106881 0.271961 
7200 10 1.11024 16 0.111936 0.288205 
7300 10 1.18714 16 0.124649 0.319902 
7400 10 1.24919 16 0.135765 0.346575 
7500 10 1.22711 17 0.127893 0.330247 
7600 10 1.15725 17 0.122981 0.310955 
7700 10 1.1985 16 0.130214 0.324126 
7800 10 1.32061 18 0.152504 0.371975 
7900 10 1.45343 16 0.168382 0.419383 
8000 10 1.57606 15 0.207373 0.503165 
8100 10 1.69113 15 0.253642 0.603473 
8200 10 1.70221 16 0.27644 0.649971 
8300 10 1.77762 14 0.307706 0.713427 
8400 11 1.82512 16 0.296666 0.691493 
8500 11 1.81715 15 0.292533 0.67453 
8600 11 1.81484 15 0.273273 0.644117 
8700 12 1.79882 16 0.267766 0.626861 
8800 12 1.86968 16 0.264226 0.631811 
8900 12 1.94212 18 0.278767 0.668466 
9000 11 1.92578 17 0.28377 0.672675 
9100 11 1.92348 19 0.276175 0.663654 
9200 12 1.8962 17 0.284661 0.663961 
9300 12 1.86896 17 0.280882 0.64832 
9400 11 1.91552 17 0.286214 0.660542 
9500 12 1.88005 18 0.265227 0.619311 
9600 12 1.84246 24 0.247423 0.584142 
9700 13 1.81011 22 0.249697 0.579509 
9800 13 1.67864 24 0.237795 0.540497 
9900 11 1.63292 21 0.231239 0.52698 
10000 11 1.65735 19 0.231827 0.538169 
10100 11 1.61655 17 0.219537 0.511125 
10200 11 1.66191 17 0.211417 0.505498 
10300 11 1.58604 18 0.199039 0.472592 
10400 11 1.56056 17 0.19193 0.454768 
10500 11 1.46126 16 0.167016 0.406707 
10600 11 1.5188 18 0.171618 0.423042 
10700 11 1.54077 18 0.182582 0.440912 
10800 11 1.44754 16 0.169588 0.40961 
10900 12 1.3812 17 0.165429 0.391446 
11000 12 1.3238 18 0.156083 0.367833 
11100 11 1.29136 17 0.150064 0.352838 
11200 11 1.22064 16 0.139326 0.326385 
11300 12 1.14745 16 0.134969 0.311518 
11400 13 1.16171 17 0.134719 0.312286 
11500 13 1.14466 16 0.1286 0.303409 
11600 13 1.1215 14 0.129337 0.301673 
11700 13 1.12653 15 0.130605 0.304164 
11800 13 1.03967 20 0.11787 0.276308 
11900 13 0.954984 20 0.103106 0.244088 
12000 12 0.831932 17 0.0836994 0.199609 
12100 12 0.733248 17 0.0665991 0.16496 
12200 12 0.635411 12 0.0606968 0.14344 
12300 13 0.586708 16 0.0499101 0.123433 
12400 14 0.575435 17 0.0461999 0.11651 
12500 14 0.498806 18 0.0388356 0.0971398 
12600 14 0.48522 18 0.0399616 0.0965353 
12700 13 0.428888 15 0.0347981 0.0841415 
12800 12 0.389939 14 0.0314368 0.074922 
12900 13 0.419307 16 0.036735 0.0843718 
13000 14 0.428591 16 0.03777 0.0868217 
13100 14 0.435 16 0.0383455 0.0878061 
13200 14 0.434057 17 0.0386537 0.0881894 
13300 14 0.459644 17 0.041602 0.0962553 
13400 13 0.494531 17 0.0428516 0.104123 
13500 11 0.56633 15 0.0565156 0.133627 
13600 13 0.631265 17 0.0668257 0.15821 
13700 13 0.689493 17 0.0731212 0.175977 
13800 12 0.728166 16 0.0814322 0.194798 
13900 13 0.777652 17 0.0885737 0.212202 
14000 13 0.788026 16 0.0904455 0.213097 
14100 13 0.85495 16 0.0949281 0.225115 
14200 13 0.895865 17 0.105049 0.243757 
14300 13 0.883266 15 0.0996732 0.232571 
14400 12 0.895218 15 0.0978887 0.231697 
14500 13 0.942466 18 0.104738 0.247104 
14600 13 1.0903 20 0.134639 0.315412 
14700 13 1.34542 25 0.175983 0.423458 
14800 14 1.48699 25 0.204729 0.495838 
14900 16 1.5889 31 0.231424 0.563082 
15000 16 1.66114 27 0.25252 0.610836 
15100 16 1.61687 33 0.242353 0.578274 
15200 14 1.58614 32 0.220601 0.53828 
15300 14 1.49052 32 0.192277 0.471373 
15400 14 1.38203 30 0.174243 0.424742 
15500 15 1.30697 28 0.167803 0.399768 
15600 16 1.25849 23 0.159847 0.373588 
15700 14 1.14962 21 0.140831 0.327477 
15800 16 1.10168 23 0.116836 0.286723 
15900 15 1.04207 26 0.106075 0.259586 
16000 15 1.02782 26 0.107676 0.254312 
16100 15 1.01868 21 0.106576 0.250206 
16200 15 1.02162 24 0.106581 0.248387 
16300 16 1.04128 24 0.107237 0.25107 
16400 16 1.04259 25 0.11409 0.260439 
16500 17 1.09732 26 0.113477 0.266201 
16600 18 1.16265 26 0.121606 0.28517 
16700 18 1.26172 25 0.134475 0.317113 
16800 17 1.31472 24 0.155042 0.351582 
16900 17 1.38152 25 0.170354 0.382393 
17000 18 1.49997 28 0.19857 0.441519 
17100 18 1.69901 29 0.242172 0.531441 
17200 18 1.83081 30 0.275671 0.604374 
17300 18 1.99915 33 0.324514 0.70365 
17400 18 2.11623 33 0.369244 0.796945 
17500 17 2.17975 33 0.407981 0.871324 
17600 18 2.13089 28 0.396493 0.847335 
17700 18 2.08482 31 0.386016 0.82209 
17800 18 2.09138 32 0.390893 0.829192 
17900 19 2.15609 37 0.402667 0.85376 
18000 19 2.27406 37 0.433536 0.912292 
18100 18 2.31914 35 0.447278 0.934027 
18200 18 2.3668 36 0.482938 0.989345 
18300 19 2.39448 41 0.534362 1.07959 
18400 19 2.35846 44 0.543254 1.09048 
18500 20 2.29489 40 0.525484 1.05524 
18600 19 2.29141 43 0.540083 1.0797 
18700 20 2.36337 42 0.564934 1.12769 
18800 19 2.48022 42 0.612032 1.21705 
18900 18 2.49059 42 0.62199 1.23653 
19000 18 2.48584 45 0.609562 1.21618 
19100 20 2.50257 45 0.609935 1.21682 
19200 21 2.41892 38 0.558951 1.12296 
19300 20 2.29255 35 0.522549 1.0506 
19400 21 2.22355 36 0.493709 0.994106 
19500 20 2.05212 41 0.442756 0.89361 
19600 20 1.97242 44 0.437522 0.87609 
19700 20 1.85484 43 0.403148 0.805386 
19800 21 1.83965 40 0.392664 0.782726 
19900 20 1.77935 37 0.37192 0.742105 
20000 21 1.63914 36 0.317004 0.636967 
20100 20 1.44766 38 0.265111 0.535755 
20200 21 1.34166 38 0.242462 0.489093 
20300 19 1.29109 34 0.232293 0.465276 
20400 19 1.19589 29 0.205341 0.409767 
20500 18 1.18937 29 0.199384 0.399276 
20600 17 1.06799 26 0.177803 0.354606 
20700 17 0.950977 24 0.163252 0.321351 
20800 20 0.940256 26 0.162005 0.317396 
20900 21 0.920964 27 0.152888 0.301968 
21000 23 0.886729 29 0.145512 0.287507 
21100 19 0.832416 28 0.134899 0.267632 
21200 22 0.813818 27 0.137099 0.269714 
21300 20 0.888935 23 0.160677 0.314263 
21400 21 0.862515 26 0.151705 0.29928 
21500 24 0.912181 31 0.160355 0.315961 
21600 27 0.947141 32 0.170459 0.334875 
21700 28 1.03025 34 0.1922 0.378378 
21800 28 1.05741 31 0.201299 0.395065 
21900 26 1.07389 32 0.208395 0.410859 
22000 27 1.13147 35 0.214717 0.424176 
22100 26 1.19405 32 0.226157 0.45011 
22200 27 1.22089 31 0.23342 0.462911 
22300 29 1.31539 33 0.24856 0.492403 
22400 28 1.42588 35 0.257468 0.51769 
22500 28 1.54684 34 0.282846 0.570701 
22600 29 1.66193 38 0.323823 0.647724 
22700 27 1.81912 38 0.366183 0.734764 
22800 27 1.91677 39 0.40334 0.807329 
22900 29 2.04369 42 0.468901 0.933783 
23000 30 2.17003 49 0.50693 1.01661 
23100 28 2.179 45 0.529692 1.05537 
23200 28 2.15587 45 0.534483 1.06469 
23300 27 2.13915 41 0.515723 1.02943 
23400 24 2.12946 39 0.494302 0.989933 
23500 28 2.09356 40 0.456162 0.916182 
23600 27 2.043 38 0.436601 0.873852 
23700 28 1.98726 41 0.411625 0.825969 
23800 27 1.97314 43 0.380795 0.769393 
23900 27 2.08028 37 0.380786 0.778539 
24000 26 2.16618 35 0.394722 0.811923 
24100 27 2.21679 38 0.392158 0.824727 
24200 27 2.33471 42 0.419997 0.89014 
24300 27 2.40086 42 0.427461 0.920832 
24400 28 2.43722 43 0.448996 0.958227 
24500 28 2.42253 45 0.420118 0.908465 
24600 29 2.35529 44 0.400109 0.855892 
24700 25 2.20847 38 0.362039 0.774624 
24800 26 2.10938 37 0.344615 0.725432 
24900 28 2.14109 39 0.364027 0.754334 
25000 26 2.06984 37 0.353507 0.734315 
25100 25 2.00382 38 0.355047 0.734435 
25200 25 2.02945 38 0.376757 0.777226 
25300 24 2.12812 40 0.398303 0.828746 
25400 27 2.15933 42 0.428346 0.880271 
25500 23 2.12369 39 0.40662 0.840075 
25600 26 2.08552 41 0.387888 0.804507 
25700 26 1.9924 39 0.374106 0.769687 
25800 28 2.03165 38 0.38977 0.793306 
25900 28 2.07517 39 0.402512 0.81562 
26000 27 2.06687 38 0.401658 0.808937 
26100 27 2.0231 42 0.373165 0.758025 
26200 26 1.9548 41 0.359156 0.728067 
26300 27 1.94331 42 0.352452 0.714507 
26400 26 1.81139 38 0.331131 0.669315 
26500 25 1.76871 38 0.327056 0.656183 
26600 28 1.70587 41 0.309331 0.621776 
26700 32 1.64737 42 0.290035 0.583258 
26800 25 1.43458 38 0.253227 0.507508 
26900 27 1.33451 37 0.225418 0.458013 
27000 27 1.22508 33 0.21572 0.431407 
27100 28 1.07391 30 0.17925 0.360245 
27200 28 0.893144 31 0.148816 0.295933 
27300 28 0.808148 31 0.137947 0.271612 
27400 23 0.726564 24 0.12059 0.238827 
27500 22 0.745142 24 0.122171 0.241852 
27600 22 0.729606 23 0.111575 0.222253 
27700 21 0.685881 23 0.103589 0.205423 
27800 17 0.613572 19 0.0843314 0.17057 
27900 21 0.599864 24 0.0762006 0.158708 
28000 24 0.626522 26 0.0743669 0.157549 
28100 18 0.598078 21 0.0704608 0.150794 
28200 18 0.531532 23 0.0621905 0.131871 
28300 17 0.500549 20 0.0561025 0.120246 
28400 17 0.528576 23 0.0619942 0.131305 
28500 17 0.508922 19 0.0636504 0.132081 
28600 19 0.470216 21 0.0577965 0.12043 
28700 15 0.408289 17 0.0473212 0.100959 
28800 16 0.393958 18 0.0440073 0.0947341 
28900 16 0.351168 17 0.0393288 0.0833333 
29000 14 0.306527 16 0.0354214 0.0747863 
29100 13 0.294992 14 0.0356797 0.0751323 
29200 15 0.321292 15 0.0414366 0.085999 
29300 14 0.349339 16 0.0437703 0.0921466 
29400 12 0.347212 12 0.0446555 0.0936359 
29500 14 0.328373 14 0.0405093 0.0846214 
29600 13 0.316159 14 0.0380375 0.0802632 
29700 13 0.304248 14 0.0363287 0.0763399 
29800 11 0.282504 13 0.0315839 0.0676867 
29900 9 0.238917 10 0.025275 0.0542575 
30000 11 0.252606 12 0.0255396 0.0550196 
30100 11 0.263941 12 0.0286758 0.060057 
30200 11 0.286555 13 0.0307693 0.0643245 
30300 13 0.278632 14 0.0290954 0.0610766 
30400 11 0.295228 14 0.0328098 0.0678314 
30500 14 0.26726 17 0.0302907 0.0617125 
30600 13 0.31107 16 0.0356248 0.0733213 
30700 13 0.358362 15 0.0473665 0.094647 
30800 12 0.407707 15 0.0549319 0.11025 
30900 12 0.466 15 0.0592503 0.122566 
31000 12 0.514969 14 0.0649991 0.135469 
31100 12 0.49476 14 0.0601779 0.127105 
31200 10 0.525138 12 0.0668456 0.141022 
31300 10 0.550416 15 0.0647074 0.141183 
31400 12 0.580525 15 0.0702914 0.152112 
31500 11 0.630576 15 0.0755263 0.164682 
31600 10 0.636152 14 0.0780343 0.169077 
31700 12 0.657509 15 0.0824852 0.177368 
31800 12 0.599221 14 0.0745063 0.15963 
31900 10 0.590816 14 0.0678998 0.150068 
32000 12 0.573428 20 0.0662916 0.144715 
32100 14 0.503106 22 0.0493263 0.113458 
32200 14 0.474825 20 0.0439233 0.102859 
32300 14 0.416965 18 0.0401479 0.0910526 
32400 12 0.363667 16 0.0341563 0.0776316 
32500 12 0.422929 18 0.0369769 0.0883281 
32600 14 0.404065 18 0.0351192 0.0827676 
32700 14 0.417981 19 0.037594 0.0875684 
32800 14 0.362432 17 0.0316744 0.0737171 
32900 12 0.32209 14 0.0263161 0.0628914 
33000 13 0.331584 14 0.0236754 0.0606532 
33100 11 0.257887 11 0.0173574 0.0450026 
33200 10 0.203152 10 0.0112922 0.0321737 
33300 8 0.137241 8 0.0073321 0.0213431 
33400 7 0.116682 7 0.00561816 0.0179594 
33500 5 0.0869424 5 0.00432689 0.0135664 
33600 5 0.0884465 5 0.0046608 0.0139824 
33700 4 0.0603749 4 0.00310078 0.00904393 
33800 5 0.0940389 5 0.00388299 0.0137199 
33900 5 0.0900072 5 0.00234314 0.0117157 
34000 6 0.0853708 6 0.00130174 0.00963291 
34100 6 0.0715846 6 0.00156291 0.0083355 
34200 4 0.0498372 4 0.00128932 0.00593089 
34300 4 0.0464418 4 0.00128766 0.00566572 
34400 4 0.0370365 4 0.00102801 0.00436906 
34500 4 0.0376628 4 0.00155481 0.00492356 
34600 4 0.0397635 4 0.00207308 0.00570096 
34700 4 0.0462429 4 0.00206558 0.00645494 
34800 3 0.0499657 3 0.00234436 0.00729357 
34900 3 0.0682393 3 0.00547588 0.0127771 
35000 4 0.0932505 4 0.00682843 0.0174479 
35100 5 0.10099 5 0.00761858 0.0188432 
35200 4 0.0922356 5 0.0083452 0.0190203 
35300 5 0.0989799 6 0.0107107 0.022757 
35400 4 0.0831938 4 0.0088796 0.0185427 
35500 5 0.0803485 5 0.0065189 0.0148631 
35600 5 0.0558264 5 0.00392157 0.00941176 
35700 4 0.0471981 4 0.0026096 0.00704593 
35800 3 0.0569081 3 0.00314465 0.00890985 
35900 3 0.0703816 3 0.00423392 0.0116433 
36000 4 0.0669664 4 0.00340582 0.0102174 
36100 4 0.0655744 4 0.002079 0.00883576 
36200 3 0.0838638 3 0.000779221 0.0106494 
36300 3 0.0957148 3 0.000514139 0.0123393 
36400 3 0.130186 3 0.000256345 0.0179441 
36500 2 0.185828 2 0 0.0283067 
36600 4 0.265731 4 0.000259875 0.0444387 
36700 2 0.305892 2 0 0.0546649 
36800 5 0.366304 6 0.000263574 0.0656299 
36900 6 0.344969 7 0.000793861 0.0608627 
37000 7 0.369248 8 0.00562133 0.0645247 
37100 7 0.379481 7 0.00702804 0.068929 
37200 5 0.347959 5 0.00921352 0.0648247 
37300 5 0.323573 5 0.0143877 0.0630607 
37400 5 0.308245 5 0.0151988 0.0596975 
37500 6 0.330421 6 0.022183 0.0686275 
37600 7 0.356453 7 0.0280606 0.0787735 
37700 7 0.335886 8 0.0278142 0.0738114 
37800 8 0.330123 9 0.0310544 0.075186 
37900 8 0.304427 10 0.0282547 0.0671979 
38000 8 0.308981 10 0.0279736 0.0673178 
38100 8 0.310634 11 0.0284101 0.0685259 
38200 8 0.318512 9 0.0270707 0.0671583 
38300 9 0.425461 10 0.0272817 0.083771 
38400 10 0.563601 12 0.0287866 0.112602 
38500 11 0.786809 14 0.0407532 0.171626 
38600 12 0.871352 13 0.0539897 0.201941 
38700 16 1.03918 21 0.0659024 0.248911 
38800 17 1.16196 20 0.092706 0.294648 
38900 17 1.27008 28 0.121466 0.344389 
39000 16 1.4469 25 0.172823 0.427935 
39100 16 1.70225 27 0.241936 0.554464 
39200 17 1.92667 28 0.318672 0.693849 
39300 16 2.03898 30 0.361873 0.769729 
39400 17 2.02319 34 0.373503 0.782989 
39500 16 1.86411 30 0.357303 0.734821 
39600 17 1.76442 41 0.352246 0.716696 
39700 19 1.69913 44 0.324871 0.664086 
39800 19 1.50323 46 0.279675 0.568899 
39900 18 1.29173 34 0.235599 0.47481 
40000 18 1.07934 31 0.186999 0.376034 
40100 18 0.886248 32 0.147115 0.295512 
40200 17 0.769436 28 0.122489 0.247645 
40300 16 0.653784 26 0.106391 0.212435 
40400 15 0.595313 25 0.0927652 0.188602 
40500 14 0.52177 20 0.0727087 0.152104 
40600 12 0.406532 18 0.0531108 0.112517 
40700 11 0.33441 15 0.0443391 0.0922539 
40800 11 0.279711 14 0.0347101 0.0729694 
40900 9 0.237372 13 0.0318341 0.0649523 
41000 9 0.163042 10 0.0219948 0.0441799 
41100 8 0.122858 9 0.0158287 0.031018 
41200 8 0.123343 9 0.0151001 0.0302227 
41300 9 0.147777 9 0.0199244 0.0393347 
41400 7 0.13321 8 0.016078 0.0325716 
41500 5 0.15064 5 0.0217106 0.0419599 
41600 8 0.151606 9 0.0190135 0.0387797 
41700 10 0.115933 10 0.0142783 0.0288612 
41800 10 0.116712 11 0.012426 0.0261523 
41900 6 0.0950631 7 0.0110585 0.0222337 
42000 5 0.0955152 7 0.0111704 0.0224192 
42100 6 0.0914547 8 0.00987572 0.0204028 
42200 5 0.0668643 6 0.00612278 0.0132399 
42300 3 0.0533101 3 0.00519481 0.0109091 
42400 3 0.0597918 3 0.00569506 0.0121667 
42500 3 0.0896901 3 0.00957309 0.0201811 
42600 4 0.108292 4 0.0113813 0.0243145 
42700 5 0.119007 5 0.0110207 0.0249278 
42800 4 0.117005 4 0.00891453 0.0222863 
42900 6 0.114524 6 0.00691812 0.0194073 
43000 6 0.0950677 6 0.00694361 0.0171098 
43100 6 0.0657344 6 0.00535298 0.012083 
43200 5 0.0712302 5 0.00624378 0.013929 
43300 4 0.0604483 4 0.00465467 0.0110092 
43400 5 0.0681402 5 0.00486957 0.0119418 
43500 4 0.0487919 4 0.00286458 0.00755208 
43600 4 0.0572175 4 0.00388702 0.00958798 
43700 4 0.0505972 4 0.00339426 0.00835509 
43800 3 0.0504161 3 0.00236904 0.00737036 
43900 3 0.0464114 3 0.000788229 0.0055176 
44000 3 0.0371861 3 0.000524934 0.00419948 
44100 3 0.0251588 3 0.000261917 0.00261917 
44200 2 0.00917391 2 0 0.000779626 
44300 2 0.0142513 2 0 0.00129099 
44400 2 0.00911986 2 0 0.000774393 
44500 2 0.00639805 2 0 0.000517732 
44600 1 0 1 0 0 
44700 1 0 1 0 0 
44800 1 0 1 0 0 
44900 1 0 1 0 0 
45000 1 0 1 0 0 
45100 1 0 1 0 0 
45200 1 0 1 0 0 
45300 1 0 1 0 0 
45400 1 0 1 0 0 
45500 1 0 1 0 0 
45600 1 0 1 0 0 
45700 1 0 1 0 0 
45800 1 0 1 0 0 
45900 1 0 1 0 0 
46000 1 0 1 0 0 
46100 1 0 1 0 0 
46200 1 0 1 0 0 
46300 1 0 1 0 0 
46400 1 0 1 0 0 
46500 1 0 1 0 0 
46600 1 0 1 0 0 
46700 1 0 1 0 0 
46800 1 0 1 0 0 
46900 1 0 1 0 0 
47000 1 0 1 0 0 
47100 1 0 1 0 0 
47200 1 0 1 0 0 
47300 1 0 1 0 0 
47400 1 0 1 0 0 
47500 1 0 1 0 0 
47600 1 0 1 0 0 
47700 1 0 1 0 0 
47800 1 0 1 0 0 
47900 1 0 1 0 0 
48000 1 0 1 0 0 
48100 1 0 1 0 0 
48200 1 0 1 0 0 
48300 1 0 1 0 0 
48400 1 0 1 0 0 
48500 1 0 1 0 0 
48600 1 0 1 0 0 
48700 1 0 1 0 0 
48800 1 0 1 0 0 
48900 1 0 1 0 0 
49000 1 0 1 0 0 
49100 1 0 1 0 0 
49200 1 0 1 0 0 
49300 1 0 1 0 0 
49400 1 0 1 0 0 
49500 1 0 1 0 0 
49600 1 0 1 0 0 
49700 1 0 1 0 0 
49800 1 0 1 0 0 
49900 1 0 1 0 0 
50000 1 0 1 0 0 
50100 1 0 1 0 0 
50200 1 0 1 0 0 
50300 1 0 1 0 0 
50400 1 0 1 0 0 
50500 1 0 1 0 0 
50600 1 0 1 0 0 
50700 1 0 1 0 0 
50800 1 0 1 0 0 
50900 1 0 1 0 0 
51000 1 0 1 0 0 
51100 1 0 1 0 0 
51200 1 0 1 0 0 
51300 1 0 1 0 0 
51400 1 0 1 0 0 
51500 1 0 1 0 0 
51600 1 0 1 0 0 
51700 1 0 1 0 0 
51800 1 0 1 0 0 
51900 1 0 1 0 0 
52000 1 0 1 0 0 
52100 1 0 1 0 0 
52200 1 0 1 0 0 
52300 1 0 1 0 0 
52400 1 0 1 0 0 
52500 1 0 1 0 0 
52600 1 0 1 0 0 
52700 1 0 1 0 0 
52800 1 0 1 0 0 
52900 1 0 1 0 0 
53000 1 0 1 0 0 
53100 1 0 1 0 0 
53200 1 0 1 0 0 
53300 1 0 1 0 0 
53400 1 0 1 0 0 
53500 1 0 1 0 0 
53600 1 0 1 0 0 
53700 1 0 1 0 0 
53800 1 0 1 0 0 
53900 1 0 1 0 0 
54000 1 0 1 0 0 
54100 1 0 1 0 0 
54200 1 0 1 0 0 
54300 1 0 1 0 0 
54400 1 0 1 0 0 
54500 1 0 1 0 0 
54600 1 0 1 0 0 
54700 1 0 1 0 0 
54800 1 0 1 0 0 
54900 1 0 1 0 0 
55000 1 0 1 0 0 
55100 1 0 1 0 0 
55200 1 0 1 0 0 
55300 1 0 1 0 0 
55400 1 0 1 0 0 
55500 1 0 1 0 0 
55600 1 0 1 0 0 
55700 1 0 1 0 0 
55800 1 0 1 0 0 
55900 1 0 1 0 0 
56000 1 0 1 0 0 
56100 1 0 1 0 0 
56200 1 0 1 0 0 
56300 1 0 1 0 0 
56400 1 0 1 0 0 
56500 1 0 1 0 0 
56600 1 0 1 0 0 
56700 1 0 1 0 0 
56800 1 0 1 0 0 
56900 1 0 1 0 0 
57000 1 0 1 0 0 
57100 1 0 1 0 0 
57200 1 0 1 0 0 
57300 1 0 1 0 0 
57400 1 0 1 0 0 
57500 1 0 1 0 0 
57600 1 0 1 0 0 
57700 1 0 1 0 0 
57800 1 0 1 0 0 
57900 1 0 1 0 0 
58000 1 0 1 0 0 
58100 1 0 1 0 0 
58200 1 0 1 0 0 
58300 1 0 1 0 0 
58400 1 0 1 0 0 
58500 1 0 1 0 0 
58600 1 0 1 0 0 
58700 1 0 1 0 0 
58800 1 0 1 0 0 
58900 1 0 1 0 0 
59000 1 0 1 0 0 
59100 1 0 1 0 0 
59200 1 0 1 0 0 
59300 1 0 1 0 0 
59400 1 0 1 0 0 
59500 1 0 1 0 0 
59600 1 0 1 0 0 
59700 1 0 1 0 0 
59800 1 0 1 0 0 
59900 1 0 1 0 0 
60000 1 0 1 0 0 
60100 1 0 1 0 0 
60200 1 0 1 0 0 
60300 1 0 1 0 0 
60400 1 0 1 0 0 
60500 1 0 1 0 0 
60600 1 0 1 0 0 
60700 1 0 1 0 0 
60800 1 0 1 0 0 
60900 1 0 1 0 0 
61000 1 0 1 0 0 
61100 1 0 1 0 0 
61200 1 0 1 0 0 
61300 1 0 1 0 0 
61400 1 0 1 0 0 
61500 1 0 1 0 0 
61600 1 0 1 0 0 
61700 1 0 1 0 0 
61800 1 0 1 0 0 
61900 1 0 1 0 0 
62000 1 0 1 0 0 
62100 1 0 1 0 0 
62200 1 0 1 0 0 
62300 1 0 1 0 0 
62400 1 0 1 0 0 
62500 1 0 1 0 0 
62600 1 0 1 0 0 
62700 1 0 1 0 0 
62800 1 0 1 0 0 
62900 1 0 1 0 0 
63000 1 0 1 0 0 
63100 1 0 1 0 0 
63200 1 0 1 0 0 
63300 1 0 1 0 0 
63400 1 0 1 0 0 
63500 1 0 1 0 0 
63600 1 0 1 0 0 
63700 1 0 1 0 0 
63800 1 0 1 0 0 
63900 1 0 1 0 0 
64000 1 0 1 0 0 
64100 1 0 1 0 0 
64200 1 0 1 0 0 
64300 1 0 1 0 0 
64400 1 0 1 0 0 
64500 1 0 1 0 0 
64600 1 0 1 0 0 
64700 1 0 1 0 0 
64800 1 0 1 0 0 
64900 1 0 1 0 0 
65000 1 0 1 0 0 
65100 1 0 1 0 0 
65200 1 0 1 0 0 
65300 1 0 1 0 0 
65400 1 0 1 0 0 
65500 1 0 1 0 0 
65600 1 0 1 0 0 
65700 1 0 1 0 0 
65800 1 0 1 0 0 
65900 1 0 1 0 0 
66000 1 0 1 0 0 
66100 1 0 1 0 0 
66200 1 0 1 0 0 
66300 1 0 1 0 0 
66400 1 0 1 0 0 
66500 1 0 1 0 0 
66600 1 0 1 0 0 
66700 1 0 1 0 0 
66800 1 0 1 0 0 
66900 1 0 1 0 0 
67000 1 0 1 0 0 
67100 1 0 1 0 0 
67200 1 0 1 0 0 
67300 1 0 1 0 0 
67400 1 0 1 0 0 
67500 1 0 1 0 0 
67600 1 0 1 0 0 
67700 1 0 1 0 0 
67800 1 0 1 0 0 
67900 1 0 1 0 0 
68000 1 0 1 0 0 
68100 1 0 1 0 0 
68200 1 0 1 0 0 
68300 1 0 1 0 0 
68400 1 0 1 0 0 
68500 1 0 1 0 0 
68600 1 0 1 0 0 
68700 1 0 1 0 0 
68800 1 0 1 0 0 
68900 1 0 1 0 0 
69000 1 0 1 0 0 
69100 1 0 1 0 0 
69200 1 0 1 0 0 
69300 1 0 1 0 0 
69400 1 0 1 0 0 
69500 1 0 1 0 0 
69600 1 0 1 0 0 
69700 1 0 1 0 0 
69800 1 0 1 0 0 
69900 1 0 1 0 0 
70000 1 0 1 0 0 
70100 1 0 1 0 0 
70200 1 0 1 0 0 
70300 1 0 1 0 0 
70400 1 0 1 0 0 
70500 1 0 1 0 0 
70600 1 0 1 0 0 
70700 1 0 1 0 0 
70800 1 0 1 0 0 
70900 1 0 1 0 0 
71000 1 0 1 0 0 
71100 1 0 1 0 0 
71200 1 0 1 0 0 
71300 1 0 1 0 0 
71400 1 0 1 0 0 
71500 1 0 1 0 0 
71600 1 0 1 0 0 
71700 1 0 1 0 0 
71800 1 0 1 0 0 
71900 1 0 1 0 0 
72000 1 0 1 0 0 
72100 1 0 1 0 0 
72200 1 0 1 0 0 
72300 1 0 1 0 0 
72400 1 0 1 0 0 
72500 1 0 1 0 0 
72600 1 0 1 0 0 
72700 1 0 1 0 0 
72800 1 0 1 0 0 
72900 1 0 1 0 0 
73000 1 0 1 0 0 
73100 1 0 1 0 0 
73200 1 0 1 0 0 
73300 1 0 1 0 0 
73400 1 0 1 0 0 
73500 1 0 1 0 0 
73600 1 0 1 0 0 
73700 1 0 1 0 0 
73800 1 0 1 0 0 
73900 1 0 1 0 0 
74000 1 0 1 0 0 
74100 1 0 1 0 0 
74200 1 0 1 0 0 
74300 1 0 1 0 0 
74400 1 0 1 0 0 
74500 1 0 1 0 0 
74600 1 0 1 0 0 
74700 1 0 1 0 0 
74800 1 0 1 0 0 
74900 1 0 1 0 0 
75000 1 0 1 0 0 
75100 1 0 1 0 0 
75200 1 0 1 0 0 
75300 1 0 1 0 0 
75400 1 0 1 0 0 
75500 1 0 1 0 0 
75600 1 0 1 0 0 
75700 1 0 1 0 0 
75800 1 0 1 0 0 
75900 1 0 1 0 0 
76000 1 0 1 0 0 
76100 1 0 1 0 0 
76200 1 0 1 0 0 
76300 1 0 1 0 0 
76400 1 0 1 0 0 
76500 1 0 1 0 0 
76600 1 0 1 0 0 
76700 1 0 1 0 0 
76800 1 0 1 0 0 
76900 1 0 1 0 0 
77000 1 0 1 0 0 
77100 1 0 1 0 0 
77200 1 0 1 0 0 
77300 1 0 1 0 0 
77400 1 0 1 0 0 
77500 1 0 1 0 0 
77600 1 0 1 0 0 
77700 1 0 1 0 0 
77800 1 0 1 0 0 
77900 1 0 1 0 0 
78000 1 0 1 0 0 
78100 1 0 1 0 0 
78200 1 0 1 0 0 
78300 1 0 1 0 0 
78400 1 0 1 0 0 
78500 1 0 1 0 0 
78600 1 0 1 0 0 
78700 1 0 1 0 0 
78800 1 0 1 0 0 
78900 1 0 1 0 0 
79000 1 0 1 0 0 
79100 1 0 1 0 0 
79200 1 0 1 0 0 
79300 1 0 1 0 0 
79400 1 0 1 0 0 
79500 1 0 1 0 0 
79600 1 0 1 0 0 
79700 1 0 1 0 0 
79800 1 0 1 0 0 
79900 1 0 1 0 0 
80000 1 0 1 0 0 
80100 1 0 1 0 0 
80200 1 0 1 0 0 
80300 1 0 1 0 0 
80400 1 0 1 0 0 
80500 1 0 1 0 0 
80600 1 0 1 0 0 
80700 1 0 1 0 0 
80800 1 0 1 0 0 
80900 1 0 1 0 0 
81000 1 0 1 0 0 
81100 1 0 1 0 0 
81200 1 0 1 0 0 
81300 1 0 1 0 0 
81400 1 0 1 0 0 
81500 1 0 1 0 0 
81600 1 0 1 0 0 
81700 1 0 1 0 0 
81800 1 0 1 0 0 
81900 1 0 1 0 0 
82000 1 0 1 0 0 
82100 1 0 1 0 0 
82200 1 0 1 0 0 
82300 1 0 1 0 0 
82400 1 0 1 0 0 
82500 1 0 1 0 0 
82600 1 0 1 0 0 
82700 1 0 1 0 0 
82800 1 0 1 0 0 
82900 1 0 1 0 0 
83000 1 0 1 0 0 
83100 1 0 1 0 0 
83200 1 0 1 0 0 
83300 1 0 1 0 0 
83400 1 0 1 0 0 
83500 1 0 1 0 0 
83600 1 0 1 0 0 
83700 1 0 1 0 0 
83800 1 0 1 0 0 
83900 1 0 1 0 0 
84000 1 0 1 0 0 
84100 1 0 1 0 0 
84200 1 0 1 0 0 
84300 1 0 1 0 0 
84400 1 0 1 0 0 
84500 1 0 1 0 0 
84600 1 0 1 0 0 
84700 1 0 1 0 0 
84800 1 0 1 0 0 
84900 1 0 1 0 0 
85000 1 0 1 0 0 
85100 1 0 1 0 0 
85200 1 0 1 0 0 
85300 1 0 1 0 0 
85400 1 0 1 0 0 
85500 1 0 1 0 0 
85600 1 0 1 0 0 
85700 1 0 1 0 0 
85800 1 0 1 0 0 
85900 1 0 1 0 0 
86000 1 0 1 0 0 
86100 1 0 1 0 0 
86200 1 0 1 0 0 
86300 1 0 1 0 0 
86400 1 0 1 0 0 
86500 1 0 1 0 0 
86600 1 0 1 0 0 
86700 1 0 1 0 0 
86800 1 0 1 0 0 
86900 1 0 1 0 0 
87000 1 0 1 0 0 
87100 1 0 1 0 0 
87200 1 0 1 0 0 
87300 1 0 1 0 0 
87400 1 0 1 0 0 
87500 1 0 1 0 0 
87600 1 0 1 0 0 
87700 1 0 1 0 0 
87800 1 0 1 0 0 
87900 1 0 1 0 0 
88000 1 0 1 0 0 
88100 1 0 1 0 0 
88200 1 0 1 0 0 
88300 1 0 1 0 0 
88400 1 0 1 0 0 
88500 1 0 1 0 0 
88600 1 0 1 0 0 
88700 1 0 1 0 0 
88800 1 0 1 0 0 
88900 1 0 1 0 0 
89000 1 0 1 0 0 
89100 1 0 1 0 0 
89200 1 0 1 0 0 
89300 1 0 1 0 0 
89400 1 0 1 0 0 
89500 1 0 1 0 0 
89600 1 0 1 0 0 
89700 1 0 1 0 0 
89800 1 0 1 0 0 
89900 1 0 1 0 0 
90000 1 0 1 0 0 
90100 1 0 1 0 0 
90200 1 0 1 0 0 
90300 1 0 1 0 0 
90400 1 0 1 0 0 
90500 1 0 1 0 0 
90600 1 0 1 0 0 
90700 1 0 1 0 0 
90800 1 0 1 0 0 
90900 1 0 1 0 0 
91000 1 0 1 0 0 
91100 1 0 1 0 0 
91200 1 0 1 0 0 
91300 1 0 1 0 0 
91400 1 0 1 0 0 
91500 1 0 1 0 0 
91600 1 0 1 0 0 
91700 1 0 1 0 0 
91800 1 0 1 0 0 
91900 1 0 1 0 0 
92000 1 0 1 0 0 
92100 1 0 1 0 0 
92200 1 0 1 0 0 
92300 1 0 1 0 0 
92400 1 0 1 0 0 
92500 1 0 1 0 0 
92600 1 0 1 0 0 
92700 1 0 1 0 0 
92800 1 0 1 0 0 
92900 1 0 1 0 0 
93000 1 0 1 0 0 
93100 1 0 1 0 0 
93200 1 0 1 0 0 
93300 1 0 1 0 0 
93400 1 0 1 0 0 
93500 1 0 1 0 0 
93600 1 0 1 0 0 
93700 1 0 1 0 0 
93800 1 0 1 0 0 
93900 1 0 1 0 0 
94000 1 0 1 0 0 
94100 1 0 1 0 0 
94200 1 0 1 0 0 
94300 1 0 1 0 0 
94400 1 0 1 0 0 
94500 1 0 1 0 0 
94600 1 0 1 0 0 
94700 1 0 1 0 0 
94800 1 0 1 0 0 
94900 1 0 1 0 0 
95000 1 0 1 0 0 
95100 1 0 1 0 0 
95200 1 0 1 0 0 
95300 1 0 1 0 0 
95400 1 0 1 0 0 
95500 1 0 1 0 0 
95600 1 0 1 0 0 
95700 1 0 1 0 0 
95800 1 0 1 0 0 
95900 1 0 1 0 0 
96000 1 0 1 0 0 
96100 1 0 1 0 0 
96200 1 0 1 0 0 
96300 1 0 1 0 0 
96400 1 0 1 0 0 
96500 1 0 1 0 0 
96600 1 0 1 0 0 
96700 1 0 1 0 0 
96800 1 0 1 0 0 
96900 1 0 1 0 0 
97000 1 0 1 0 0 
97100 1 0 1 0 0 
97200 1 0 1 0 0 
97300 1 0 1 0 0 
97400 1 0 1 0 0 
97500 1 0 1 0 0 
97600 1 0 1 0 0 
97700 1 0 1 0 0 
97800 1 0 1 0 0 
97900 1 0 1 0 0 
98000 1 0 1 0 0 
98100 1 0 1 0 0 
98200 1 0 1 0 0 
98300 1 0 1 0 0 
98400 1 0 1 0 0 
98500 1 0 1 0 0 
98600 1 0 1 0 0 
98700 1 0 1 0 0 
98800 1 0 1 0 0 
98900 1 0 1 0 0 
99000 1 0 1 0 0 
99100 1 0 1 0 0 
99200 1 0 1 0 0 
99300 1 0 1 0 0 
99400 1 0 1 0 0 
99500 1 0 1 0 0 
99600 1 0 1 0 0 
99700 1 0 1 0 0 
99800 1 0 1 0 0 
99900 1 0 1 0 0 
100000 1 0 1 0 0 
